2.897062377929687500e+02
2.726625061035156250e+02
2.692173461914062500e+02
2.632749328613281250e+02
2.592711486816406250e+02
2.563655700683593750e+02
2.320180358886718750e+02
2.121355895996093750e+02
1.696410064697265625e+02
1.154908599853515625e+02
8.690814208984375000e+01
4.914179229736328125e+01
2.937954902648925781e+01
2.046907043457031250e+01
1.227293586730957031e+01
5.614200592041015625e+00
3.255250692367553711e+00
1.584887981414794922e+00
7.249339818954467773e-01
4.131351113319396973e-01
2.969087958335876465e-01
2.311428338289260864e-01
1.750729978084564209e-01
1.275851726531982422e-01
9.280963987112045288e-02
6.961127370595932007e-02
5.448028445243835449e-02
4.437130317091941833e-02
3.731989115476608276e-02
3.216506540775299072e-02
2.823809534311294556e-02
2.514317445456981659e-02
2.263797447085380554e-02
2.056645229458808899e-02
1.883034594357013702e-02
1.735149323940277100e-02
1.608094386756420135e-02
1.497970800846815109e-02
1.401982177048921585e-02
1.318012271076440811e-02
1.244093291461467743e-02
1.178800687193870544e-02
1.121013611555099487e-02
1.069330889731645584e-02
1.023293472826480865e-02
9.822337888181209564e-03
9.452873840928077698e-03
9.119832888245582581e-03
8.817194961011409760e-03
8.546149358153343201e-03
